8969 2.1764453E-02
8969.2 2.4367437E-02
8969.4 2.6984963E-02
8969.6 2.9602023E-02
8969.8 3.2191308E-02
8970 3.4717238E-02
8970.2 3.7137280E-02
8970.4 3.9408956E-02
8970.6 4.1731723E-02
8970.8 4.3590175E-02
8971 4.5195470E-02
8971.2 4.6532026E-02
8971.4 4.7594178E-02
8971.6 4.8396090E-02
8971.8 4.8960981E-02
8972 4.9319681E-02
8972.2 4.9495597E-02
8972.4 4.9519912E-02
8972.6 4.9424087E-02
8972.8 4.9238435E-02
8973 4.8990470E-02
8973.2 4.8704448E-02
8973.4 4.8401390E-02
8973.6 4.8099010E-02
8973.8 4.7812023E-02
8974 4.7552441E-02
8974.2 4.7329897E-02
8974.4 4.7152010E-02
8974.6 4.7024720E-02
8974.8 4.6952596E-02
8975 4.6939108E-02
8975.5 4.7503478E-02
8976 4.8142176E-02
8976.5 4.9194482E-02
8977 5.0687559E-02
8977.5 5.2580093E-02
8978 5.4890375E-02
8978.5 5.7613865E-02
8979 6.0741598E-02
8979.5 6.4257903E-02
8980 6.8137878E-02
8980.5 7.2344949E-02
8981 7.6828989E-02
8981.5 8.1525319E-02
8982 8.6352693E-02
8982.5 9.1208795E-02
8983 9.6005634E-02
8983.5 1.0063246E-01
8984 1.0497926E-01
8984.5 1.0895683E-01
8985 1.1244860E-01
8985.5 1.1539750E-01
8986 1.1775781E-01
8986.5 1.1950681E-01
8987 1.2203575E-01
8987.5 1.2268145E-01
8988 1.2273650E-01
8988.5 1.2225438E-01
8989 1.2130075E-01
8989.5 1.1993995E-01
8990 1.1823308E-01
8991 1.1412194E-01
8992 1.0955865E-01
8993 1.0500549E-01
8994 1.0075557E-01
8995 9.7003766E-02
8996 9.3852618E-02
8997 9.1343556E-02
8998 8.9485511E-02
8999 8.8261194E-02
9000 8.7663862E-02
9001 8.7659922E-02
9002 8.8199418E-02
9003 8.9220396E-02
9004 9.0665375E-02
9005 9.2433095E-02
9006 9.4418196E-02
9007 9.6506603E-02
9008 9.8624342E-02
9009 1.0069910E-01
9010 1.0261321E-01
9011 1.0429187E-01
9012 1.0566422E-01
9013 1.0667062E-01
9014 1.0727248E-01
9015 1.0749027E-01
9016 1.0732305E-01
9017 1.0679724E-01
9018 1.0592426E-01
9019 1.0466204E-01
9020 1.0305388E-01
